5 506 978245999
8 1213 978229817
17 1704 978159386
19 2991 978146910
26 2706 978139135
26 550 978271900
42 1372 978040305
45 2248 977988372
48 3253 978062557
53 1653 977974071
57 1199 977934700
66 480 977886084
73 3175 977866254
92 2541 986188117
123 3389 977529656
150 2690 977302874
150 1732 978161418
150 1957 978163424
161 2682 977221460
175 1653 977112110
181 47 977088460
184 2990 1038969980
187 2610 977076914
195 541 977368152
195 1232 993186954
195 2974 1014963473
198 454 977092906
204 1370 978048977
210 485 977100869
223 1917 976904103
225 2289 976831462
225 2987 976912774
258 2889 976672487
271 1779 999138489
272 110 976697386
284 1732 976572202
284 2378 976574769
301 2396 976505524
307 1198 976486060
309 608 976483231
310 1822 976483534
321 1616 976417818
326 260 976402065
329 1747 977870264
346 2735 976335489
346 1103 976336895
347 923 976331489
349 2539 1017712347
351 457 976677819
355 3178 979594629
381 3702 976301082
398 2599 1044565580
405 3685 976388902
408 3089 976294335
411 1374 978452604
412 1196 976554664
412 1537 976729962
415 2390 976287346
424 1678 1041266760
426 2991 976597754
438 2384 976251013
445 1282 976240950
452 111 976233858
453 2064 976236129
466 3083 976226701
476 3638 976219826
479 1270 976217745
482 832 976219880
482 1772 976223149
485 3035 976217007
490 1380 976215929
493 2611 976215893
496 2212 1045000332
506 2763 976208239
508 1580 976209507
509 2793 976209521
516 258 976281194
518 898 980870112
520 1136 976228941
530 2529 976142604
531 39 978644439
541 327 976125425
549 3932 976067926
549 1213 976068483
549 3400 991838518
550 2699 976158909
550 2874 976167684
560 836 976049637
562 1291 976043187
579 2716 975977047
587 318 976899572
591 3527 975910842
604 2906 975870581
639 3354 975728876
650 2054 975704233
651 3243 975977937
655 230 975699914
655 2457 975705392
657 2336 975694137
660 3361 975698401
676 1876 975684773
677 959 975610767
678 2532 989501470
685 2174 975602886
695 95 975560524
699 356 975558132
705 3114 975547472
708 3753 975542365
710 174 975548417
712 2502 975538007
727 1885 975517991
727 556 1007599621
731 3753 975526493
735 1394 975646250
737 1270 975478253
744 2926 975471207
746 2389 975470003
752 1372 1030994078
754 1100 975453806
757 2770 975452680
757 2428 975452890
776 2433 975440267
780 1025 975435972
780 1198 975436546
780 1784 975439928
809 1196 975393058
818 2712 975385146
822 3555 975381712
847 1079 975354221
849 3327 975350994
854 1358 975351458
862 1214 977718817
864 1193 977181941
867 480 975277605
869 1753 999376445
883 3623 975260748
884 1196 998427743
889 306 975255046
889 3871 975261503
896 3004 975220752
904 2707 980206413
919 3421 975202593
934 2313 992384652
934 2797 992546982
940 2906 975175798
943 531 975169167
948 1356 975161143
963 1968 979952651
996 3354 988697507
999 1376 975044820
1001 1393 976296568
1007 1091 975031264
1015 1198 975039171
1019 2597 975424583
1019 3730 975425073
1019 3733 975425098
1033 3593 977427765
1034 2991 975016810
1040 1206 974981316
1040 914 974981756
1053 2447 974952139
1054 2137 974952059
1057 364 974953003
1062 923 974952356
1062 1208 975048007
1066 1416 974946245
1068 600 974946454
1076 1210 974938524
1076 1614 974939013
1086 745 974933080
1086 3702 975009399
1088 3916 986150226
1094 2959 974929632
1097 648 974926927
1097 1608 974928456
1101 2580 1025036288
1120 1923 974912574
1125 2496 974923546
1139 293 974877940
1147 3097 974873468
1150 2677 975193302
1162 2112 974861879
1162 1101 974863875
1167 1610 974861342
1181 1804 974946007
1184 1009 974854720
1202 3104 974857346
1223 671 974838568
1224 1810 974839730
1224 356 974909153
1224 412 975248422
1237 3499 974833136
1241 112 974833268
1242 674 975348636
1244 2628 974847622
1254 1777 974823183
1266 3510 974863341
1274 923 974810003
1274 3218 974810866
1274 2583 974814033
1278 318 974795313
1285 736 974878223
1298 2054 974835835
1300 3157 974789539
1317 1272 974785376
1333 1233 974776276
1335 3728 974776507
1335 2144 974817997
1339 2916 974870227
1340 1379 974779461
1342 555 974774730
1343 3201 975196407
1350 2997 974774261
1354 265 975455844
1356 1918 974771823
1356 250 974772262
1356 296 974786023
1358 3070 974770074
1367 32 974770613
1383 1961 975975559
1389 1222 974781094
1389 1242 1038276011
1391 1748 974861355
1392 3178 974765178
1393 3836 974764624
1397 332 974763854
1399 587 974766224
1399 553 1016661804
1419 1188 974759857
1421 1172 1035597211
1422 3635 976138026
1426 1644 974859080
1426 1431 974859980
1448 3252 976123442
1448 2391 976137586
1449 2015 975529526
1449 440 975695944
1451 354 978550061
1464 3441 974757259
1470 476 974838688
1470 492 974839243
1484 1747 997906855
1489 2720 974758331
1490 1233 974770753
1496 2795 974753998
1498 2329 974750414
1503 2118 974763789
1509 2762 974831902
1514 2394 974746533
1516 1641 976292741
1530 6 985056492
1551 1361 981350149
1559 2040 974741835
1561 362 1024171221
1569 1095 974739263
1570 931 974738013
1571 1238 974737665
1583 2247 974735891
1584 2989 977379442
1587 1197 974735748
1590 2081 976225635
1591 1416 974750938
1593 356 974755496
1597 2942 1041529009
1599 527 974735525
1599 2496 974844769
1605 48 975382217
1605 3524 975387744
1609 3072 974739991
1624 924 974774519
1643 16 1011840790
1647 2316 974804762
1648 1267 974712119
1653 3624 974711247
1660 2028 974710866
1667 2167 974711745
1671 1246 974713576
1675 1341 974709673
1676 2722 974709095
1676 2700 974709633
1676 8 974795897
1676 1753 974799435
1676 1247 974802849
1676 1411 974802849
1679 2805 974709464
1680 2826 974709423
1680 2370 974839176
1680 44 974839306
1680 831 974841398
1685 3342 974711500
1696 110 974760493
1699 1041 981322175
1701 2240 1009698621
1709 223 974706682
1717 154 1009273593
1723 1200 974704845
1733 3837 977808414
1735 1517 974704254
1737 1042 976062340
1737 1479 976063225
1737 1744 977012113
1737 1595 977022791
1740 471 974705143
1741 1356 974707563
1741 2346 974708004
1742 260 974703016
1754 3910 974703442
1764 2822 974705607
1775 3653 974704852
1776 1010 974711500
1778 1028 974722355
1784 1461 974699812
1803 1266 974700771
1835 383 974879134
1835 252 974881654
1844 3192 974697862
1853 2108 975019504
1865 417 976585848
1866 223 974760856
1874 2396 974695355
1879 497 974693433
1880 2763 974694894
1880 2535 975381586
1885 2792 974692549
1894 1250 974693239
1899 3035 974775802
1912 1260 1008443403
1916 2890 974694759
1922 2657 974694513
1926 3330 974770524
1937 2126 974830537
1941 1935 999043610
1941 3658 1019339820
1943 1282 974693139
1943 1082 975733549
1947 1263 974690367
1952 306 976646988
1958 1092 974927974
1958 3863 981929064
1962 52 975363050
1978 1020 993907287
1988 348 974683131
2004 2091 974677614
2006 2971 974677050
2014 2918 974675132
2015 338 975111239
2016 733 974733575
2020 720 974678941
2030 2140 974745966
2030 1305 974930532
2035 1220 974668486
2038 3037 974669119
2041 3543 1015352973
2054 3087 974661636
2063 3046 974663011
2063 1135 975743734
2063 1468 994572894
2067 3334 974659220
2073 2395 974658503
2075 2881 974657411
2084 1810 974682472
2089 2694 975158911
2090 1597 974764606
2102 159 974656004
2106 1580 975130639
2114 1101 975103712
2130 1494 974642401
2136 1445 974644267
2152 2716 974620462
2156 3147 974628844
2168 3925 975129810
2172 2021 974610833
2175 3225 974612154
2186 1590 974608650
2195 216 989113769
2215 482 974601905
2219 515 974602627
2225 1281 974598745
2232 316 974597051
2233 3546 974599418
2235 1805 974615244
2264 1704 974581115
2265 2968 974581354
2271 1573 996358340
2303 3175 974496148
2304 377 974498121
2350 3742 974407391
2353 1513 1020442504
2354 2699 974399179
2355 1204 974398917
2355 1617 974399153
2361 3501 974379566
2368 218 974343225
2372 2858 974675807
2376 1197 974332768
2383 1569 974322441
2390 3948 974296162
2395 3617 992272912
2403 3753 974258980
2410 3217 974251638
2414 608 974245118
2451 1321 974830975
2453 1961 980727256
2455 1372 974180495
2456 3698 974183080
2485 1228 974144513
2496 3675 974434870
2498 1964 974088246
2523 1265 974065144
2529 2628 974055441
2529 1806 974061050
2529 1263 974653191
2529 3256 1005694021
2541 2266 974047627
2543 1214 974044025
2552 588 973998815
2555 1094 973997497
2566 2012 973964482
2568 3114 973935677
2583 2144 974422116
2588 1021 973865141
2589 2841 973864321
2592 1092 973827396
2594 3893 1041613291
2605 47 973747188
2627 2396 973629970
2629 3138 973628219
2635 1971 973588665
2650 593 973548042
2656 3513 973529602
2664 1124 973461147
2684 1292 973466852
2685 3032 973375175
2689 2381 973347690
2694 2021 973311166
2700 87 973304585
2719 1214 973284942
2724 1682 973272361
2724 2883 973272976
2727 541 973266711
2731 2795 973243384
2736 745 973226356
2737 34 973225955
2739 1221 973224515
2739 2683 973224632
2749 1214 973204867
2756 1220 1016051703
2764 920 973137268
2771 1213 973096674
2771 2861 973123942
2777 3157 973050001
2777 3107 973050807
2783 260 973017778
2785 2000 972989255
2806 671 972787141
2807 2068 972790701
2814 2273 1035672995
2818 318 972667878
2820 1208 972658044
2828 293 976991369
2830 2734 972592734
2846 1235 972526323
2857 786 972507135
2857 3165 972507503
2857 1747 972511157
2860 1285 974149713
2863 1732 972502022
2881 2142 972259597
2896 163 972004679
2899 2369 971920233
2903 1380 979957362
2909 32 971968234
2918 3060 971904063
2919 2006 975445349
2928 3418 971553511
2929 1690 971588760
2931 1882 972711641
2937 3250 971478135
2942 3812 971328349
2948 3189 971242692
2955 866 971205385
2962 1682 977169630
2967 2879 971127221
2978 1186 970966485
2986 2023 970807444
2986 567 970813164
2996 1748 972701216
2996 141 972767099
2999 2141 970621210
3006 2683 970541897
3013 2336 970522273
3016 1214 970508441
3018 3029 970521977
3030 508 970355532
3031 3752 970430728
3044 2915 970211665
3045 1221 970189899
3048 733 970183830
3055 2393 998182490
3057 1196 1003354203
3059 1130 970072281
3069 2714 969952439
3071 3219 969939190
3105 185 969552674
3128 1199 969290900
3131 1185 969235383
3135 903 969063462
3135 2351 969063462
3138 3578 969050720
3143 509 969492798
3158 2337 993073519
3159 3317 1008443959
3161 1219 968887357
3193 1580 968645830
3199 3889 969502282
3227 1343 968798932
3240 2571 968551205
3261 1233 968251880
3271 2146 968201407
3272 2826 971246895
3272 2718 971253617
3277 3424 968175531
3283 1917 968122618
3285 2505 968213499
3285 2641 968626023
3285 784 1041957239
3297 1466 968055931
3299 319 968035433
3308 1552 967991947
3308 724 967997635
3315 3271 967941781
3325 2692 967911301
3339 2858 967823128
3343 223 967779526
3362 289 967673000
3371 1248 967606305
3380 1958 967675589
3403 364 967431222
3411 1918 975354439
3412 1573 968726145
3417 3030 967398249
3422 2539 967410751
3422 1883 967410838
3430 2730 969149250
3441 47 983651902
3441 1291 1009697046
3460 1247 967185271
3460 1200 967185518
3462 2599 967175994
3464 36 967246806
3469 1711 967226635
3471 1466 973141457
3471 292 973298219
3474 908 967133004
3475 2987 974779473
3475 247 997331179
3475 277 998250687
3475 2146 998251339
3476 3772 968949695
3479 3176 967088475
3489 2918 967050610
3491 3039 967064144
3492 3083 967046634
3504 627 966983363
3507 1945 966996699
3507 3723 966998880
3508 1580 966974805
3517 1265 966967693
3518 1912 966958196
3524 2160 966908517
3526 493 966906997
3536 2541 966885681
3539 2023 966881931
3539 2539 966930881
3540 1259 973469249
3540 524 973469276
3547 1722 966836575
3550 2115 967156039
3551 3101 966822238
3560 1466 966797177
3564 2395 966782925
3568 1396 966746402
3578 165 966710160
3585 1211 966697988
3589 3406 1019402088
3590 360 966656947
3590 745 966915539
3600 1551 966626446
3610 315 967000224
3612 1219 966606324
3620 358 966576847
3620 292 972834128
3626 1033 966614581
3630 2710 966740674
3645 318 966468277
3673 352 966455014
3673 3812 966455227
3675 610 966364045
3675 1320 966368685
3679 2801 980533801
3685 1641 966863061
3686 1304 966346097
3690 231 966308671
3692 2867 966307597
3705 346 966281257
3709 3773 966276358
3709 1644 966277189
3713 788 966270864
3713 2243 966271684
3715 2096 966266495
3733 3950 999923082
3735 2028 966191727
3743 461 966150327
3752 1207 966120346
3760 2871 966094965
3771 3029 966049436
3773 2471 966047272
3778 940 966033428
3778 1707 966039765
3780 3649 966029014
3780 2080 966032159
3802 1203 965982752
3821 1941 965944900
3823 2403 965945018
3824 1373 966540319
3825 3186 965943721
3832 3536 983368996
3834 318 965927539
3834 1029 966371669
3841 2009 966002257
3841 1936 966003530
3853 2248 965874329
3855 454 965873698
3864 1962 965856007
3885 3684 967652508
3906 2353 965758861
3913 2321 965765826
3914 3755 965795112
3925 2572 965709989
3929 1242 965709012
3934 1259 965705725
3940 1885 965696998
3950 3276 965680882
3961 1997 967226528
3965 3545 965669179
3971 1673 970286883
3981 1617 965626875
3991 2959 980650209
3999 2568 965572349
4004 479 965561268
4004 2094 965561973
4007 345 965549463
4012 3751 965542051
4020 1373 965524631
4021 3363 965523753
4027 1212 965514633
4028 907 966200734
4033 3 965513641
4040 1320 965504684
4041 2002 965512804
4048 2528 965498497
4048 1566 965499690
4058 733 965490216
4060 2513 965494721
4071 1214 965612396
4083 1445 965438057
4083 922 965438183
4089 364 965429950
4095 2571 965418989
4099 953 965416937
4107 2144 965689300
4114 1222 965364153
4116 608 965362222
4123 1088 965358411
4134 1203 965350545
4137 2395 965348084
4140 2124 965351210
4140 3426 965355112
4152 150 965340544
4156 2280 965343546
4167 1037 965334866
4168 1725 965335987
4168 1624 965336016
4169 2651 967165120
4169 2087 971580220
4169 2272 975804710
4183 3258 965331538
4183 1523 965331942
4186 2044 1017931803
4190 260 965326322
4204 1214 965321099
4204 3114 965322656
4212 2947 965319790
4213 329 965839717
4214 593 965318876
4217 2987 965318318
4224 968 965313497
4224 1513 965313544
4227 2496 965322121
4229 2699 965312721
4243 2288 965310365
4249 3138 965308399
4257 353 965306474
4260 1197 965323342
4271 1027 965309151
4276 1092 965295821
4277 1237 967111749
4277 3194 967621520
4279 1500 965287877
4283 1220 965278645
4291 2642 965278832
4302 2501 965270535
4312 1616 965505962
4315 3268 965257361
4316 2028 965254744
4319 1214 965250785
4333 3156 965243132
4342 101 965230727
4352 3087 965232383
4360 5 965190464
4363 1721 965183819
4367 3710 965182681
4369 1280 965181841
4374 16 965179357
4379 2440 965178818
4389 3448 965164089
4389 1777 965165102
4397 2568 965159771
4408 1240 965167056
4414 2724 965560838
4422 1340 965154503
4425 709 965110746
4436 2369 965101036
4446 1240 965088467
4459 72 965497619
4467 1947 1032406127
4479 3769 967258076
4480 144 965026267
4484 1298 965017679
4487 3623 965011879
4489 2672 965010159
4489 1372 965010566
4493 2203 965085222
4496 2973 964998957
4497 1964 964999546
4497 2054 965000294
4503 3629 964983857
4508 1610 964982042
4510 2537 964988637
4510 2898 966801472
4541 2115 964711309
4543 2471 964671735
4543 300 966029748
4543 524 966030863
4553 3250 964551591
4556 3652 964662961
4560 3681 964815391
4573 994 964452104
4591 344 964325274
4592 1562 964300847
4596 2375 964223097
4600 1468 967476351
4604 2245 989763366
4605 2686 964204094
4607 3105 964307895
4637 2367 964033660
4643 2628 963999175
4647 3623 963964271
4647 3501 963969240
4648 2502 963958928
4656 818 963897903
4663 1172 963864478
4678 780 963707523
4681 246 963682973
4682 448 965607177
4682 2398 965871778
4690 2100 963615006
4698 1090 963587731
4708 1982 964990507
4708 1200 991171883
4711 2012 963491394
4715 2815 963527895
4716 1247 964618353
4718 588 963428689
4726 2083 963989997
4726 273 963993236
4732 487 963638123
4733 2028 963328013
4736 1717 963629963
4766 2111 963087998
4784 1198 963249799
4786 1500 963000774
4789 303 963002612
4791 804 962996518
4797 838 962997106
4808 1674 962953742
4808 141 963032274
4808 3254 963032838
4823 1968 962988555
4823 661 963409335
4823 2912 981336989
4831 913 974400118
4832 2942 963000963
4842 1207 1014575110
4864 1197 962820153
4866 2174 962817921
4885 912 962740081
4897 1 962715169
4899 3525 969320088
4901 2944 962687104
4913 1296 962677748
4932 1672 962652060
4939 2797 962790493
4945 3302 962641893
4948 1233 962641832
4950 1148 962639925
4951 3819 963435368
4956 2109 962642885
4958 2791 962684514
4989 1641 962593542
5002 3591 962602297
5014 2916 962588376
5016 2028 962583608
5017 1201 962582897
5029 1653 962566545
5042 2437 962656877
5042 2081 962659152
5046 3274 962501538
5048 2352 962497253
5054 514 962586015
5070 1909 962468618
5074 3083 962438353
5077 3384 962653426
5083 337 962406946
5083 1589 962418186
5084 1513 962400632
5085 3643 962398046
5085 2973 962398691
5087 3524 962896590
5090 1537 1011212227
5100 1964 962362357
5105 2474 962338117
5105 2648 962339277
5130 1198 962132511
5138 608 962060198
5140 2421 964878719
5144 3623 962035107
5157 900 989799139
5172 1201 1044153194
5184 1 961734837
5253 1094 961293681
5254 2291 961287869
5260 1449 961200081
5268 2248 961169119
5268 2125 961172209
5272 2114 961133684
5278 60 963263220
5278 480 963263544
5281 2359 961103213
5283 2422 961165831
5286 3341 961091606
5290 1285 961077555
5294 2701 962763105
5319 2273 960874227
5323 1304 960848170
5330 3359 961013182
5336 86 960761290
5342 2353 960685591
5359 2077 975946185
5367 2126 960500565
5367 3071 960506797
5367 3555 972589953
5369 3019 960489716
5382 1356 960359273
5393 2877 960322320
5397 922 1039638932
5401 3255 960260828
5405 412 960252603
5423 454 960148295
5428 1271 960080149
5432 1964 960059446
5443 1792 959982082
5450 2407 959952894
5453 1252 1029359419
5456 921 959913571
5457 2311 959913275
5458 92 1004245279
5459 2431 959911831
5460 2395 959907353
5463 3359 959900294
5463 3738 959900514
5463 1262 959901240
5480 608 959866476
5482 1104 959865014
5482 2916 960386349
5484 3430 1001839600
5484 1263 1045440363
5495 2997 959810070
5500 2966 959796565
5512 2245 959712671
5520 1036 959737766
5523 2724 959646059
5530 2115 959622452
5530 3466 959994024
5539 2761 1007174663
5543 589 959509723
5550 1920 959472579
5553 492 959455804
5555 22 959648226
5561 1584 959374443
5561 2302 959375223
5567 2764 959347423
5568 565 959314542
5570 592 959310077
5576 2690 959291527
5576 3448 959779278
5580 628 1043460293
5593 47 959225756
5597 2389 959214884
5603 2065 959211551
5605 261 959304666
5605 3269 959551081
5613 3363 959135197
5613 2657 959135379
5614 2668 964397551
5634 2961 959007626
5636 3272 959053193
5643 2890 958890584
5643 316 958892613
5643 2687 962738418
5643 2436 977034045
5647 2991 958872847
5649 2640 958868134
5678 1077 958626177
5682 3255 958963928
5682 500 958964293
5686 2881 958603130
5686 1230 958604283
5688 377 958603374
5689 1394 958681483
5691 1356 958599014
5702 3362 958580580
5716 2949 958509758
5717 1073 958744421
5723 2571 958500521
5730 2012 958441906
5734 1285 983393624
5736 1278 958502094
5746 1288 958354927
5747 1201 958354842
5752 1057 958277506
5775 1784 958167041
5779 2396 958156835
5787 3807 1001123005
5795 2676 958152098
5806 2686 957986638
5807 2355 957985197
5812 1898 957943857
5812 3557 960874467
5824 3081 957900827
5831 520 957898244
5831 464 957902108
5837 165 957844576
5843 2640 957805834
5848 2278 957781306
5848 3196 957783106
5849 1258 957766657
5853 293 957747681
5854 50 957745666
5875 208 957565675
5877 2761 957551437
5878 1784 957548015
5880 1022 957550995
5885 541 957489252
5888 2092 957481450
5896 312 957459314
5900 912 957425593
5915 2421 957333368
5916 1920 957460970
5917 318 957365664
5926 2001 957278388
5950 3210 957180882
5950 2100 957444397
5954 3478 957704010
5954 2787 957705548
5960 2359 957028514
5964 2617 956996367
5965 1274 956975251
5969 905 957795255
5982 1231 956935672
5995 3591 956855012
5997 2011 963930029
5998 2250 1001781857
6008 1196 956789158
6016 1874 956780020
6023 172 956752688
6032 1288 956718317
6038 1183 956717204
6039 1282 956705907
6040 1966 960972016
